# Created by Octave 3.8.0, Thu Apr 21 13:49:07 2016 CDT <toferdev@Calebs-MBP>
# name: v
# type: matrix
# rows: 1
# columns: 10
 2104 1600 2400 1416 3000 1985 1534 1427 1380 1494


